37
0.333333333333333  0.333333333333333 0.333333333333334 
0.495048184939704  0.009903630120591 0.495048184939705 
0.468716635109574  0.062566729780852 0.468716635109574 
0.414521336801276  0.170957326397447 0.414521336801277 
0.229399572042832  0.541200855914337 0.229399572042831 
0.114424495196330  0.771151009607340 0.114424495196330 
0.024811391363459  0.950377217273082 0.024811391363459 
0.009903630120591  0.495048184939705 0.495048184939704 
0.062566729780852  0.468716635109574 0.468716635109574 
0.170957326397447  0.414521336801277 0.414521336801276 
0.541200855914337  0.229399572042831 0.229399572042832 
0.771151009607340  0.114424495196330 0.114424495196330 
0.950377217273082  0.024811391363459 0.024811391363459 
0.495048184939705  0.495048184939704 0.009903630120591 
0.468716635109574  0.468716635109574 0.062566729780852 
0.414521336801277  0.414521336801276 0.170957326397447 
0.229399572042831  0.229399572042832 0.541200855914337 
0.114424495196330  0.114424495196330 0.771151009607340 
0.024811391363459  0.024811391363459 0.950377217273082 
0.636351174561660  0.094853828379579 0.268794997058761 
0.690169159986905  0.018100773278807 0.291730066734288 
0.851409537834241  0.022233076674090 0.126357385491669 
0.268794997058761  0.094853828379579 0.636351174561660 
0.291730066734288  0.018100773278807 0.690169159986905 
0.126357385491669  0.022233076674090 0.851409537834241 
0.094853828379579  0.268794997058761 0.636351174561660 
0.018100773278807  0.291730066734288 0.690169159986905 
0.022233076674090  0.126357385491669 0.851409537834241 
0.094853828379579  0.636351174561660 0.268794997058761 
0.018100773278807  0.690169159986905 0.291730066734288 
0.022233076674090  0.851409537834241 0.126357385491669 
0.268794997058761  0.636351174561660 0.094853828379579 
0.291730066734288  0.690169159986905 0.018100773278807 
0.126357385491669  0.851409537834241 0.022233076674090 
0.636351174561660  0.268794997058761 0.094853828379579 
0.690169159986905  0.291730066734288 0.018100773278807 
0.851409537834241  0.126357385491669 0.022233076674090 
0.052520923400802
0.011280145209330
0.031423518362454
0.047072502504194
0.047363586536355
0.031167529045794
0.007975771465074
0.011280145209330
0.031423518362454
0.047072502504194
0.047363586536355
0.031167529045794
0.007975771465074
0.011280145209330
0.031423518362454
0.047072502504194
0.047363586536355
0.031167529045794
0.007975771465074
0.036848402728732
0.017401463303822
0.015521786839045
0.036848402728732
0.017401463303822
0.015521786839045
0.036848402728732
0.017401463303822
0.015521786839045
0.036848402728732
0.017401463303822
0.015521786839045
0.036848402728732
0.017401463303822
0.015521786839045
0.036848402728732
0.017401463303822
0.015521786839045
