42
0.488963910362178  0.022072179275643 0.488963910362179 
0.417644719340454  0.164710561319092 0.417644719340454 
0.273477528308838  0.453044943382323 0.273477528308839 
0.177205532412544  0.645588935174913 0.177205532412543 
0.061799883090872  0.876400233818255 0.061799883090873 
0.019390961248701  0.961218077502598 0.019390961248701 
0.022072179275643  0.488963910362179 0.488963910362178 
0.164710561319092  0.417644719340454 0.417644719340454 
0.453044943382323  0.273477528308839 0.273477528308838 
0.645588935174913  0.177205532412543 0.177205532412544 
0.876400233818255  0.061799883090873 0.061799883090872 
0.961218077502598  0.019390961248701 0.019390961248701 
0.488963910362179  0.488963910362178 0.022072179275643 
0.417644719340454  0.417644719340454 0.164710561319092 
0.273477528308839  0.273477528308838 0.453044943382323 
0.177205532412543  0.177205532412544 0.645588935174913 
0.061799883090873  0.061799883090872 0.876400233818255 
0.019390961248701  0.019390961248701 0.961218077502598 
0.770608554774996  0.057124757403648 0.172266687821356 
0.570222290846683  0.092916249356972 0.336861459796345 
0.686980167808088  0.014646950055654 0.298372882136258 
0.879757171370171  0.001268330932872 0.118974497696957 
0.172266687821356  0.057124757403648 0.770608554774996 
0.336861459796345  0.092916249356972 0.570222290846683 
0.298372882136258  0.014646950055654 0.686980167808088 
0.118974497696957  0.001268330932872 0.879757171370171 
0.057124757403648  0.172266687821356 0.770608554774996 
0.092916249356972  0.336861459796345 0.570222290846683 
0.014646950055654  0.298372882136258 0.686980167808088 
0.001268330932872  0.118974497696957 0.879757171370171 
0.057124757403648  0.770608554774996 0.172266687821356 
0.092916249356972  0.570222290846683 0.336861459796345 
0.014646950055654  0.686980167808088 0.298372882136258 
0.001268330932872  0.879757171370171 0.118974497696957 
0.172266687821356  0.770608554774996 0.057124757403648 
0.336861459796345  0.570222290846683 0.092916249356972 
0.298372882136258  0.686980167808088 0.014646950055654 
0.118974497696957  0.879757171370171 0.001268330932872 
0.770608554774996  0.172266687821356 0.057124757403648 
0.570222290846683  0.336861459796345 0.092916249356972 
0.686980167808088  0.298372882136258 0.014646950055654 
0.879757171370171  0.118974497696957 0.001268330932872 
0.021883581369429
0.032788353544125
0.051774104507292
0.042162588736993
0.014433699669777
0.004923403602400
0.021883581369429
0.032788353544125
0.051774104507292
0.042162588736993
0.014433699669777
0.004923403602400
0.021883581369429
0.032788353544125
0.051774104507292
0.042162588736993
0.014433699669777
0.004923403602400
0.024665753212564
0.038571510787061
0.014436308113534
0.005010228838501
0.024665753212564
0.038571510787061
0.014436308113534
0.005010228838501
0.024665753212564
0.038571510787061
0.014436308113534
0.005010228838501
0.024665753212564
0.038571510787061
0.014436308113534
0.005010228838501
0.024665753212564
0.038571510787061
0.014436308113534
0.005010228838501
0.024665753212564
0.038571510787061
0.014436308113534
0.005010228838501
