61
0.333333333333333  0.333333333333333 0.333333333333333 
0.497170540556774  0.005658918886452 0.497170540556774 
0.482176322624624  0.035647354750751 0.482176322624625 
0.450239969020781  0.099520061958437 0.450239969020782 
0.400266239377397  0.199467521245206 0.400266239377397 
0.252141267970952  0.495717464058095 0.252141267970953 
0.162047004658462  0.675905990683077 0.162047004658461 
0.075875882260746  0.848248235478508 0.075875882260746 
0.015654726967822  0.968690546064356 0.015654726967822 
0.005658918886452  0.497170540556774 0.497170540556774 
0.035647354750751  0.482176322624625 0.482176322624624 
0.099520061958437  0.450239969020782 0.450239969020781 
0.199467521245206  0.400266239377397 0.400266239377397 
0.495717464058095  0.252141267970953 0.252141267970952 
0.675905990683077  0.162047004658461 0.162047004658462 
0.848248235478508  0.075875882260746 0.075875882260746 
0.968690546064356  0.015654726967822 0.015654726967822 
0.497170540556774  0.497170540556774 0.005658918886452 
0.482176322624625  0.482176322624624 0.035647354750751 
0.450239969020782  0.450239969020781 0.099520061958437 
0.400266239377397  0.400266239377397 0.199467521245206 
0.252141267970953  0.252141267970952 0.495717464058095 
0.162047004658461  0.162047004658462 0.675905990683077 
0.075875882260746  0.075875882260746 0.848248235478508 
0.015654726967822  0.015654726967822 0.968690546064356 
0.655493203809423  0.010186928826919 0.334319867363658 
0.572337590532020  0.135440871671036 0.292221537796944 
0.626001190286227  0.054423924290583 0.319574885423190 
0.796427214974071  0.012868560833637 0.190704224192292 
0.752351005937730  0.067165782413524 0.180483211648746 
0.904625504095608  0.014663182224828 0.080711313679564 
0.334319867363658  0.010186928826919 0.655493203809423 
0.292221537796944  0.135440871671036 0.572337590532020 
0.319574885423190  0.054423924290583 0.626001190286227 
0.190704224192292  0.012868560833637 0.796427214974071 
0.180483211648746  0.067165782413524 0.752351005937730 
0.080711313679564  0.014663182224828 0.904625504095608 
0.010186928826919  0.334319867363658 0.655493203809423 
0.135440871671036  0.292221537796944 0.572337590532020 
0.054423924290583  0.319574885423190 0.626001190286227 
0.012868560833637  0.190704224192292 0.796427214974071 
0.067165782413524  0.180483211648746 0.752351005937730 
0.014663182224828  0.080711313679564 0.904625504095608 
0.010186928826919  0.655493203809423 0.334319867363658 
0.135440871671036  0.572337590532020 0.292221537796944 
0.054423924290583  0.626001190286227 0.319574885423190 
0.012868560833637  0.796427214974071 0.190704224192292 
0.067165782413524  0.752351005937730 0.180483211648746 
0.014663182224828  0.904625504095608 0.080711313679564 
0.334319867363658  0.655493203809423 0.010186928826919 
0.292221537796944  0.572337590532020 0.135440871671036 
0.319574885423190  0.626001190286227 0.054423924290583 
0.190704224192292  0.796427214974071 0.012868560833637 
0.180483211648746  0.752351005937730 0.067165782413524 
0.080711313679564  0.904625504095608 0.014663182224828 
0.655493203809423  0.334319867363658 0.010186928826919 
0.572337590532020  0.292221537796944 0.135440871671036 
0.626001190286227  0.319574885423190 0.054423924290583 
0.796427214974071  0.190704224192292 0.012868560833637 
0.752351005937730  0.180483211648746 0.067165782413524 
0.904625504095608  0.080711313679564 0.014663182224828 
0.033437199290803
0.005093415440507
0.014670864527638
0.024350878353672
0.031107550868969
0.031257111218620
0.024815654339665
0.014056073070557
0.003194676173779
0.005093415440507
0.014670864527638
0.024350878353672
0.031107550868969
0.031257111218620
0.024815654339665
0.014056073070557
0.003194676173779
0.005093415440507
0.014670864527638
0.024350878353672
0.031107550868969
0.031257111218620
0.024815654339665
0.014056073070557
0.003194676173779
0.008119655318993
0.026805742283163
0.018459993210822
0.008476868534328
0.018292796770025
0.006665632004165
0.008119655318993
0.026805742283163
0.018459993210822
0.008476868534328
0.018292796770025
0.006665632004165
0.008119655318993
0.026805742283163
0.018459993210822
0.008476868534328
0.018292796770025
0.006665632004165
0.008119655318993
0.026805742283163
0.018459993210822
0.008476868534328
0.018292796770025
0.006665632004165
0.008119655318993
0.026805742283163
0.018459993210822
0.008476868534328
0.018292796770025
0.006665632004165
0.008119655318993
0.026805742283163
0.018459993210822
0.008476868534328
0.018292796770025
0.006665632004165
