16
0.333333333333333  0.333333333333333 0.333333333333334 
0.459292588292723  0.081414823414554 0.459292588292723 
0.170569307751760  0.658861384496480 0.170569307751760 
0.050547228317031  0.898905543365938 0.050547228317031 
0.081414823414554  0.459292588292723 0.459292588292723 
0.658861384496480  0.170569307751760 0.170569307751760 
0.898905543365938  0.050547228317031 0.050547228317031 
0.459292588292723  0.459292588292723 0.081414823414554 
0.170569307751760  0.170569307751760 0.658861384496480 
0.050547228317031  0.050547228317031 0.898905543365938 
0.728492392955404  0.008394777409958 0.263112829634638 
0.263112829634638  0.008394777409958 0.728492392955404 
0.008394777409958  0.263112829634638 0.728492392955404 
0.008394777409958  0.728492392955404 0.263112829634638 
0.263112829634638  0.728492392955404 0.008394777409958 
0.728492392955404  0.263112829634638 0.008394777409958 
0.144315607677787
0.095091634267285
0.103217370534718
0.032458497623198
0.095091634267285
0.103217370534718
0.032458497623198
0.095091634267285
0.103217370534718
0.032458497623198
0.027230314174435
0.027230314174435
0.027230314174435
0.027230314174435
0.027230314174435
0.027230314174435
